file:       ../krefeld_mg.pbf
key size:            8 Bytes
value size:         24 Bytes
RAM:            262144 items
each swap:           4 files
each file:       16384 items
a rangeFail = we search a key in a file, but it does not exists in that file.
     items,    in Ram,   updates, bloomSuccess, bloomFail, rangeSuccess, rangeFail, fileLoads,   used KB
     96893      96893      14363        193787          0             0          0          0      32556
    121401     121401      20751        242802          0             0          0          0      37044
    138972     138972      25559        277942          1             0          0          0      41008
    151733     151733      29396        303465          1             0          0          0      43120
    161472     161472      32702        322942          1             0          0          0      44704
    170131     170131      35524        340260          1             0          0          0      46024
    177021     177021      38087        354040          1             0          0          0      47344
    184108     184108      40597        368215          1             0          0          0      48400
    191122     191122      43014        382243          1             0          0          0      49456
    196744     196744      45152        393487          1             0          0          0      50512
    202429     202429      47206        404857          1             0          0          0      51832
    208025     208025      49077        416048          1             0          0          0      52624
    213253     213253      51027        426505          1             0          0          0      53416
    217589     217589      52837        435177          1             0          0          0      54208
    222248     222248      54575        444494          1             0          0          0      55000
    227031     227031      56364        454060          1             0          0          0      55792
    232108     232108      58016        464214          1             0          0          0      56848
    238640     238640      59640        477279          1             0          0          0      57640
    242725     242725      61211        485448          1             0          0          0      58168
    246714     246714      62789        493427          1             0          0          0      58960
    251227     251227      64275        502452          1             0          0          0      59488
    255202     255202      65708        510402          1             0          0          0      60280
    258773     258773      67165        517545          1             0          0          0      62804
    262966     230198      68581        525900         16           104         28          4      67556
    267772     235004      70281        535154        195          1536         28          4      67556
    273392     240624      71961        545989        398          3160         28          4      67556
    277979     245211      73630        554903        528          4200         28          4      67556
    281476     248708      75304        561600        676          5384         28          4      67556
    285401     252633      76957        569138        832          6632         28          4      67556
    289446     256678      78549        576862       1015          8096         28          4      67556
    293114     260346      80055        583772       1228          9800         28          4      67556
    296839     231303      81524        590632       1523         12158         42          8      69932
    301327     235791      83196        599157       1749         13966         42          8      69932
    305924     240388      84820        607675       2087         16670         42          8      69932
    309570     244034      86406        614616       2262         18070         42          8      69932
    314170     248634      88003        623109       2616         20902         42          8      69932
    318537     253001      89573        631274       2900         23174         42          8      69932
    321769     256233      91044        637292       3123         24958         42          8      69932
    324342     258806      92470        642272       3206         25622         42          8      69932
    327338     261802      93852        648121       3278         26198         42          8      69932
    330808     232504      95472        654620       3498         27962         50         12      72572
    334518     236214      97238        661739       3649         29170         50         12      72572
    337704     239400      98934        667889       3760         30058         50         12      72572
    340919     242615     100674        673962       3938         31482         50         12      72572
    344445     246141     102396        680776       4057         32434         50         12      72572
    347847     249543     104023        687286       4204         33610         50         12      72572
    351116     252812     105680        693466       4383         35042         50         12      72572
    354107     255803     107152        698920       4647         37154         50         12      72572
    357833     259529     108621        705812       4927         39398         50         12      72572
    361187     213731     109971        712007       5184         41364        142         14      75476
    366260     235188     111581        720824       5848         46602        222         16      75476
    371277     240205     113332        729536       6509         51894        222         16      75476
    375990     244918     115038        737476       7252         57834        222         16      75476
    379477     248405     116720        742756       8099         64610        222         16      75476
    384605     253533     118270        751040       9085         72498        222         16      75476
    388514     257442     119811        757354       9837         78514        222         16      75476
    391681     260609     121330        762572      10395         82978        222         16      75476
    395318     231478     122660        768562      11037         88032        316         20      78380
    401714     237874     124383        779314      12057         96192        316         20      78380
    405809     241969     126100        785771      12924        103128        316         20      78380
    411219     247379     127703        794914      13762        109832        316         20      78380
    416502     252662     129231        803616      14694        117288        316         20      78908
it tooks 124.277401 seconds
